float A_10[10][10] =
{
 36, 54, 30, 24, 54, 36, 42, 54, 54, 18,
 54, 145, 117, 44, 105, 118, 111, 129, 97, 59,
 30, 117, 110, 45, 88, 120, 91, 105, 79, 67,
 24, 44, 45, 90, 124, 116, 57, 69, 114, 89,
 54, 105, 88, 124, 267, 186, 188, 154, 203, 140,
 36, 118, 120, 116, 186, 199, 134, 137, 168, 142,
 42, 111, 91, 57, 188, 134, 260, 180, 194, 162,
 54, 129, 105, 69, 154, 137, 180, 211, 178, 142,
 54, 97, 79, 114, 203, 168, 194, 178, 297, 234,
 18, 59, 67, 89, 140, 142, 162, 142, 234, 243
};
