float A_32[32][32] =
{
 36, 54, 30, 24, 54, 36, 42, 54, 54, 18, 48, 30, 24, 24, 24, 12, 24, 48, 18, 18, 36, 54, 24, 54, 36, 18, 12, 54, 42, 36, 30, 18,
 54, 145, 117, 44, 105, 118, 111, 129, 97, 59, 96, 93, 60, 60, 44, 74, 84, 128, 75, 91, 70, 129, 92, 153, 62, 59, 50, 129, 87, 102, 61, 67,
 30, 117, 110, 45, 88, 120, 91, 105, 79, 67, 75, 89, 49, 51, 35, 91, 90, 121, 79, 101, 56, 117, 89, 140, 43, 61, 50, 109, 80, 88, 57, 76,
 24, 44, 45, 90, 124, 116, 57, 69, 114, 89, 91, 81, 45, 44, 50, 108, 107, 114, 79, 82, 67, 120, 53, 116, 44, 83, 43, 100, 118, 52, 84, 108,
 54, 105, 88, 124, 267, 186, 188, 154, 203, 140, 209, 186, 103, 98, 116, 232, 207, 196, 142, 169, 153, 225, 167, 247, 128, 182, 121, 213, 227, 174, 129, 209,
 36, 118, 120, 116, 186, 199, 134, 137, 168, 142, 150, 150, 84, 89, 84, 195, 180, 199, 147, 160, 111, 203, 127, 216, 80, 145, 91, 178, 178, 121, 120, 179,
 42, 111, 91, 57, 188, 134, 260, 180, 194, 162, 211, 192, 105, 166, 201, 259, 210, 239, 196, 147, 161, 249, 194, 210, 195, 210, 187, 223, 238, 194, 122, 212,
 54, 129, 105, 69, 154, 137, 180, 211, 178, 142, 181, 197, 105, 141, 168, 183, 205, 246, 164, 139, 119, 257, 180, 222, 175, 158, 145, 235, 234, 178, 152, 167,
 54, 97, 79, 114, 203, 168, 194, 178, 297, 234, 274, 244, 174, 242, 214, 317, 267, 309, 231, 203, 219, 346, 178, 238, 256, 259, 154, 303, 304, 206, 189, 309,
 18, 59, 67, 89, 140, 142, 162, 142, 234, 243, 215, 242, 162, 212, 219, 304, 283, 297, 231, 197, 200, 331, 163, 211, 245, 242, 163, 270, 297, 186, 170, 289,
 48, 96, 75, 91, 209, 150, 211, 181, 274, 215, 302, 283, 227, 252, 234, 344, 308, 300, 242, 224, 230, 348, 217, 278, 278, 297, 181, 345, 324, 247, 187, 340,
 30, 93, 89, 81, 186, 150, 192, 197, 244, 242, 283, 398, 279, 282, 292, 430, 410, 375, 313, 305, 279, 427, 287, 353, 374, 347, 240, 421, 408, 342, 229, 365,
 24, 60, 49, 45, 103, 84, 105, 105, 174, 162, 227, 279, 338, 254, 262, 350, 345, 311, 216, 308, 247, 346, 220, 346, 302, 322, 208, 378, 330, 285, 223, 337,
 24, 60, 51, 44, 98, 89, 166, 141, 242, 212, 252, 282, 254, 369, 306, 440, 327, 344, 313, 261, 305, 377, 281, 309, 344, 397, 245, 409, 365, 305, 216, 380,
 24, 44, 35, 50, 116, 84, 201, 168, 214, 219, 234, 292, 262, 306, 441, 469, 429, 398, 311, 312, 338, 483, 323, 409, 400, 430, 319, 407, 492, 352, 297, 385,
 12, 74, 91, 108, 232, 195, 259, 183, 317, 304, 344, 430, 350, 440, 469, 764, 582, 517, 470, 524, 480, 613, 465, 574, 473, 595, 415, 592, 612, 510, 384, 585,
 24, 84, 90, 107, 207, 180, 210, 205, 267, 283, 308, 410, 345, 327, 429, 582, 621, 508, 446, 462, 408, 629, 431, 610, 479, 515, 385, 614, 581, 453, 417, 509,
 48, 128, 121, 114, 196, 199, 239, 246, 309, 297, 300, 375, 311, 344, 398, 517, 508, 592, 431, 441, 383, 593, 378, 549, 490, 417, 366, 614, 563, 434, 393, 450,
 18, 75, 79, 79, 142, 147, 196, 164, 231, 231, 242, 313, 216, 313, 311, 470, 446, 431, 589, 357, 395, 470, 343, 498, 448, 458, 461, 610, 428, 400, 381, 418,
 18, 91, 101, 82, 169, 160, 147, 139, 203, 197, 224, 305, 308, 261, 312, 524, 462, 441, 357, 542, 374, 514, 362, 579, 383, 409, 378, 522, 478, 466, 392, 423,
 36, 70, 56, 67, 153, 111, 161, 119, 219, 200, 230, 279, 247, 305, 338, 480, 408, 383, 395, 374, 518, 523, 393, 577, 449, 496, 374, 582, 562, 492, 332, 469,
 54, 129, 117, 120, 225, 203, 249, 257, 346, 331, 348, 427, 346, 377, 483, 613, 629, 593, 470, 514, 523, 891, 616, 757, 654, 673, 494, 769, 820, 617, 557, 696,
 24, 92, 89, 53, 167, 127, 194, 180, 178, 163, 217, 287, 220, 281, 323, 465, 431, 378, 343, 362, 393, 616, 615, 652, 480, 596, 447, 633, 621, 518, 410, 566,
 54, 153, 140, 116, 247, 216, 210, 222, 238, 211, 278, 353, 346, 309, 409, 574, 610, 549, 498, 579, 577, 757, 652, 1120, 666, 723, 582, 950, 858, 783, 655, 720,
 36, 62, 43, 44, 128, 80, 195, 175, 256, 245, 278, 374, 302, 344, 400, 473, 479, 490, 448, 383, 449, 654, 480, 666, 743, 578, 495, 776, 689, 608, 494, 611,
 18, 59, 61, 83, 182, 145, 210, 158, 259, 242, 297, 347, 322, 397, 430, 595, 515, 417, 458, 409, 496, 673, 596, 723, 578, 842, 549, 734, 775, 599, 536, 730,
 12, 50, 50, 43, 121, 91, 187, 145, 154, 163, 181, 240, 208, 245, 319, 415, 385, 366, 461, 378, 374, 494, 447, 582, 495, 549, 687, 696, 625, 548, 569, 549,
 54, 129, 109, 100, 213, 178, 223, 235, 303, 270, 345, 421, 378, 409, 407, 592, 614, 614, 610, 522, 582, 769, 633, 950, 776, 734, 696, 1263, 1022, 811, 828, 831,
 42, 87, 80, 118, 227, 178, 238, 234, 304, 297, 324, 408, 330, 365, 492, 612, 581, 563, 428, 478, 562, 820, 621, 858, 689, 775, 625, 1022, 1227, 831, 844, 857,
 36, 102, 88, 52, 174, 121, 194, 178, 206, 186, 247, 342, 285, 305, 352, 510, 453, 434, 400, 466, 492, 617, 518, 783, 608, 599, 548, 811, 831, 844, 647, 685,
 30, 61, 57, 84, 129, 120, 122, 152, 189, 170, 187, 229, 223, 216, 297, 384, 417, 393, 381, 392, 332, 557, 410, 655, 494, 536, 569, 828, 844, 647, 953, 664,
 18, 67, 76, 108, 209, 179, 212, 167, 309, 289, 340, 365, 337, 380, 385, 585, 509, 450, 418, 423, 469, 696, 566, 720, 611, 730, 549, 831, 857, 685, 664, 888
};
